# Generated by template_studio
# qpos: reference pose (joint order matches the model)
qpos: [0, 0.34, 0.6, 0.6, 0, 0.34, 0.6, 0.6, 0, 0.34, 0.6, 0.6, 0, 0.34, 0.6, 0.6, -0.0962014, 0.183101, 0.318223, 0.48223]

contact:
  thumb3: [-0.087128, -0.036300, 0.063636, -0.484140, -0.312291, -0.817363]
  index3: [-0.126148, -0.048011, 0.022327, 0.968728, -0.181184, 0.169525]
  ring3: [-0.117826, -0.049417, -0.027665, 0.786631, -0.060877, 0.614415]
  pinky3: [-0.095562, -0.044143, -0.047285, 0.575683, 0.049205, 0.816191]
  middle3: [-0.131286, -0.047412, -0.010315, 0.964247, -0.190642, 0.184075]
