# Generated by template_studio
# qpos: reference pose (joint order matches the model)
qpos: [0, 0.2, 0.2, 0.2, 0, 0.2, 0.2, 0.2, 0, 0.2, 0.2, 0.2, 0, 0.2, 0.2, 0.2, 0.955098, 0.204312, 0.562055, 0.552195]

contact:
  thumb3: [-0.083432, -0.048936, 0.006145, -0.142762, 0.714655, -0.684753]
  rh_palm:
    - [-0.077499, -0.018099, 0.017679, -0.284901, -0.957528, -0.044397]
    - [-0.082489, -0.015444, -0.005880, -0.296850, -0.953572, -0.050806]
    - [-0.074505, -0.016894, -0.025325, -0.296850, -0.953572, -0.050806]
    - [-0.066893, -0.018175, -0.041776, -0.237638, -0.961005, -0.141416]
  index1x: [-0.104080, -0.016135, 0.021907, 0.069746, -0.996928, -0.035639]
  index2: [-0.129123, -0.020513, 0.022068, 0.354466, -0.929064, 0.105799]
  index3: [-0.146174, -0.030160, 0.020330, 0.552705, -0.757485, -0.347468]
  middle3: [-0.151239, -0.028383, -0.014870, 0.522031, -0.846986, 0.100494]
  middle2: [-0.132002, -0.017621, -0.011709, 0.395882, -0.901418, 0.175281]
  middle1x: [-0.105709, -0.011695, -0.007810, 0.197485, -0.972813, 0.120976]
  ring1x: [-0.095778, -0.013212, -0.027462, 0.212790, -0.962989, 0.165446]
  ring2: [-0.116758, -0.019450, -0.033001, 0.385633, -0.913948, 0.126435]
  ring3: [-0.139483, -0.032293, -0.039519, 0.505023, -0.860173, -0.071093]
  pinky3: [-0.108067, -0.033121, -0.062857, 0.449791, -0.847597, 0.281544]
  pinky2: [-0.092844, -0.023176, -0.056524, 0.228218, -0.900628, 0.369845]
  pinky1x: [-0.076368, -0.017955, -0.050163, -0.230963, -0.718797, 0.655734]
