# Generated by template_studio
# qpos: reference pose (joint order matches the model)
qpos: [0, 0.594099, 0.602176, 0.599728, 0, 0.598995, 0.602176, 0.604623, 0, 0.598995, 0.59728, 0.599728, 0, 0.596547, 0.599728, 0.59728, 1.41952, 0.414179, 0.288848, 0.345149]

contact:
  index3: [-0.114210, -0.058779, 0.021491, 0.953466, -0.231138, -0.193593]
  middle3: [-0.118065, -0.059195, -0.011163, 0.953335, -0.294622, 0.065960]
  ring3: [-0.106062, -0.061071, -0.024160, 0.970543, -0.226854, 0.081139]
  pinky3: [-0.086663, -0.051607, -0.042536, 0.865448, -0.205374, 0.456969]
  thumb3: [-0.076490, -0.069868, -0.001781, -0.830329, 0.311930, -0.461794]
