# Generated by template_studio
# qpos: reference pose (joint order matches the model)
qpos: [0.00118327, 0.586708, 0, 0, 0, 0.596569, 0, 0, 0, 0.594597, 0, 0, 0, 0.61629, 0, 0, 0.942476, 0.60347, 0, 0]

contact:
  thumb3: [-0.055355, -0.086435, 0.050147, -0.874962, -0.257194, -0.410235]
  index3: [-0.141796, -0.045981, 0.023389, 0.560659, -0.808474, 0.178971]
  middle3: [-0.146247, -0.044717, -0.012157, 0.519174, -0.848804, 0.099955]
  ring3: [-0.130840, -0.046429, -0.034238, 0.578937, -0.813513, -0.055036]
  pinky3: [-0.102530, -0.042075, -0.058461, 0.560521, -0.774931, 0.292060]
