# Generated by template_studio
# qpos: reference pose (joint order matches the model)
qpos: [0, 0.494018, 0.587693, 0.589665, 0, 0.710952, 0.879567, 0.585721, 0, 1.20793, 0.889428, 0.700104, 0, 0.990994, 0.832236, 0.636996, 0.219891, 0.273731, 0.207073, 0.230739]

contact:
  thumb3: [-0.082976, -0.047822, 0.069102, -0.741666, -0.199108, -0.640537]
  index3: [-0.121213, -0.052134, 0.026464, 0.800872, -0.121240, 0.586434]
  middle3: [-0.104643, -0.057489, -0.001749, 0.603191, 0.281503, 0.746269]
  ring3: [-0.079578, -0.061815, -0.007725, 0.306920, 0.174677, 0.935568]
  pinky3: [-0.067116, -0.047744, -0.023040, -0.553227, -0.248364, 0.795145]
