# Generated by template_studio
# qpos: reference pose (joint order matches the model)
qpos: [-0.163997, 0.590482, 0.888698, 0.971155, -0.0884117, 0.72791, 0.907022, 0.907022, 0.00274855, 0.952375, 0.856632, 0.911603, 0.184153, 0.73249, 0.874955, 0.934507, 0.85892, 0.463589, 0.590939, 0.6001]

contact:
  thumb3: [-0.080531, -0.064867, 0.017860, -0.927205, 0.073842, -0.367203]
  index3: [-0.098667, -0.057976, 0.023279, 0.701460, -0.577778, -0.417286]
  middle3: [-0.095378, -0.058650, -0.003470, 0.771769, -0.535953, 0.342238]
  ring3: [-0.086841, -0.059698, -0.014404, 0.534752, -0.401412, 0.743578]
  pinky3: [-0.069526, -0.047825, -0.025127, -0.014605, 0.210051, 0.977581]
