# Generated by template_studio
# qpos: reference pose (joint order matches the model)
qpos: [0, 0.6, 0.6, 0.6, 0, 0.6, 0.6, 0.6, 0, 0.6, 0.6, 0.6, 0, 0.6, 0.6, 0.6, 1.24855, 0.546673, 0.51078, 0.502892]

contact:
  index3: [-0.113765, -0.058002, 0.021986, 0.998490, 0.028240, 0.047122]
  middle3: [-0.118057, -0.056950, -0.009513, 0.987569, 0.044098, 0.150871]
  ring3: [-0.105302, -0.058731, -0.023948, 0.993308, -0.083874, -0.079405]
  pinky3: [-0.086709, -0.051755, -0.042231, 0.866605, -0.201633, 0.456442]
  thumb3: [-0.073546, -0.068184, 0.000086, -0.756648, 0.445175, -0.478857]
